   0.0000000000000000     
   9.5189246091209156E-002
  0.19032296591715347     
  0.28534596064610529     
  0.38020368198031917     
  0.47484254669820292     
  0.56921023862446951     
  0.66325599432129412     
  0.75693086918354791     
  0.85018798107982096     
  0.94298272919122983     
   1.0352729862438643     
   1.1270192628898430     
   1.2181848435484506     
   1.3087358935563893     
   1.3986415379802364     
   1.4878739129028129     
   1.5764081903990581     
   1.6642225787597074     
   1.7512982997990418     
   1.8376195452951913     
   1.9231734147593427     
   2.0079498368170392     
   2.0919414765155722     
   2.1751436308521939     
   2.2575541147555711     
   2.3391731396545619     
   2.4200031866414324     
   2.5000488760879995     
   2.5793168354094593     
   2.6578155664978955     
   2.7355553141708056     
   2.8125479368040747     
   2.8888067801472861     
   2.9643465551551595     
   3.0391832205144316     
   3.1133338704023563     
   3.1868166278821204     
   3.2596505442225472     
   3.3318555043245119     
   3.4034521383443326     
   3.4744617395246649     
   3.5449061881752759     
   3.6148078816888884     
   3.6841896704299821     
   3.7530747992962374     
   3.8214868547221288     
   3.8894497168710847     
   3.9569875167457647     
   4.0241245979344180     
   4.0908854827041958     
   4.1572948421489020     
   4.2233774700984119     
   4.2891582604990193     
   4.3546621879779890     
   4.4199142913109188     
   4.4849396595167947     
   4.5497634203125132     
   4.6144107306656874     
   4.6789067691916539     
   4.7432767301474108     
   4.8075458187814890     
   4.8717392478045118     
   4.9358822347501219     
   5.0000000000000000     
   5.0641177652498772     
   5.1282607521954882     
   5.1924541812185110     
   5.2567232698525874     
   5.3210932308083461     
   5.3855892693343126     
   5.4502365796874841     
   5.5150603404832053     
   5.5800857086890812     
   5.6453378120220092     
   5.7108417395009798     
   5.7766225299015881     
   5.8427051578510980     
   5.9091145172958033     
   5.9758754020655820     
   6.0430124832542358     
   6.1105502831289140     
   6.1785131452778712     
   6.2469252007037630     
   6.3158103295700183     
   6.3851921183111120     
   6.4550938118247245     
   6.5255382604753356     
   6.5965478616556670     
   6.6681444956754881     
   6.7403494557774533     
   6.8131833721178783     
   6.8866661295976428     
   6.9608167794855671     
   7.0356534448448400     
   7.1111932198527139     
   7.1874520631959253     
   7.2644446858291944     
   7.3421844335021031     
   7.4206831645905407     
   7.4999511239120000     
   7.5799968133585676     
   7.6608268603454377     
   7.7424458852444289     
   7.8248563691478070     
   7.9080585234844278     
   7.9920501631829612     
   8.0768265852406564     
   8.1623804547048060     
   8.2487017002009573     
   8.3357774212402926     
   8.4235918096009428     
   8.5121260870971867     
   8.6013584620197641     
   8.6912641064436098     
   8.7818151564515503     
   8.8729807371101579     
   8.9647270137561357     
   9.0570172708087693     
   9.1498120189201781     
   9.2430691308164512     
   9.3367440056787068     
   9.4307897613755305     
   9.5251574533017980     
   9.6197963180196808     
   9.7146540393538938     
   9.8096770340828456     
   9.9048107539087908     
